{
 "cells": [
  {
   "cell_type": "code",
<<<<<<< Updated upstream
   "execution_count": 1,
   "metadata": {},
   "outputs": [
    {
     "name": "stderr",
     "output_type": "stream",
     "text": [
      "<>:3: SyntaxWarning: invalid escape sequence '\\g'\n",
      "<>:3: SyntaxWarning: invalid escape sequence '\\g'\n",
      "C:\\Users\\vicvi\\AppData\\Local\\Temp\\ipykernel_33880\\1964282669.py:3: SyntaxWarning: invalid escape sequence '\\g'\n",
      "  df, meta = prs.read_sas7bdat(\"data\\gss7222_r3.sas7bdat\")\n",
      "C:\\Users\\vicvi\\AppData\\Local\\Temp\\ipykernel_33880\\1964282669.py:3: SyntaxWarning: invalid escape sequence '\\g'\n",
      "  df, meta = prs.read_sas7bdat(\"data\\gss7222_r3.sas7bdat\")\n"
     ]
    },
    {
     "ename": "PyreadstatError",
     "evalue": "File data\\gss7222_r3.sas7bdat does not exist!",
     "output_type": "error",
     "traceback": [
      "\u001b[1;31m---------------------------------------------------------------------------\u001b[0m",
      "\u001b[1;31mPyreadstatError\u001b[0m                           Traceback (most recent call last)",
      "Cell \u001b[1;32mIn[1], line 3\u001b[0m\n\u001b[0;32m      1\u001b[0m \u001b[38;5;28;01mimport\u001b[39;00m \u001b[38;5;21;01mpyreadstat\u001b[39;00m \u001b[38;5;28;01mas\u001b[39;00m \u001b[38;5;21;01mprs\u001b[39;00m\n\u001b[1;32m----> 3\u001b[0m df, meta \u001b[38;5;241m=\u001b[39m prs\u001b[38;5;241m.\u001b[39mread_sas7bdat(\u001b[38;5;124m\"\u001b[39m\u001b[38;5;124mdata\u001b[39m\u001b[38;5;124m\\\u001b[39m\u001b[38;5;124mgss7222_r3.sas7bdat\u001b[39m\u001b[38;5;124m\"\u001b[39m)\n",
      "File \u001b[1;32mpyreadstat\\\\pyreadstat.pyx:129\u001b[0m, in \u001b[0;36mpyreadstat.pyreadstat.read_sas7bdat\u001b[1;34m()\u001b[0m\n",
      "File \u001b[1;32mpyreadstat\\\\_readstat_parser.pyx:1075\u001b[0m, in \u001b[0;36mpyreadstat._readstat_parser.run_conversion\u001b[1;34m()\u001b[0m\n",
      "\u001b[1;31mPyreadstatError\u001b[0m: File data\\gss7222_r3.sas7bdat does not exist!"
=======
   "execution_count": 25,
   "metadata": {},
   "outputs": [
    {
     "name": "stdout",
     "output_type": "stream",
     "text": [
      "The autoreload extension is already loaded. To reload it, use:\n",
      "  %reload_ext autoreload\n"
>>>>>>> Stashed changes
     ]
    }
   ],
   "source": [
    "%load_ext autoreload\n",
    "%autoreload 2\n",
    "\n",
    "import pyreadstat as prs\n",
    "\n",
    "df, meta = prs.read_sas7bdat(\"data\\gss7222_r3.sas7bdat\")"
   ]
  },
  {
   "cell_type": "code",
   "execution_count": null,
   "metadata": {},
   "outputs": [],
   "source": [
    "import sys\n",
    "sys.path.append('../src')\n",
    "from transform_df_to_our_standard import transform_dataframe\n",
    "\n",
    "df = transform_dataframe(df)\n"
   ]
  },
  {
   "cell_type": "code",
   "execution_count": 31,
   "metadata": {},
   "outputs": [],
   "source": [
    "our_variables = [\"PARTYID\",\"POLVIEWS\",\"NATSPAC\",\"NATENVIR\",\"NATHEAL\",\"NATCITY\",\"NATCRIME\",\"NATDRUG\",\"NATEDUC\",\"NATRACE\",\"NATARMS\",\n",
    "\"NATAID\",\"NATFARE\",\"NATROAD\",\"NATSOC\",\"NATMASS\",\"NATPARK\",\"NATCHLD\",\"NATSCI\",\"NATENRGY\",\"NATSPACY\",\"NATENVIY\",\"NATHEALY\",\"NATCITYY\",\"NATCRIMY\",\"NATDRUGY\",\"NATEDUCY\",\n",
    "\"NATRACEY\",\"NATARMSY\",\"NATAIDY\",\"NATFAREY\",\"EQWLTH\",\"SPKATH\",\"COLATH\",\"LIBATH\",\"SPKRAC\",\"COLRAC\",\"LIBRAC\",\"SPKCOM\",\"COLCOM\",\"LIBCOM\",\"SPKMIL\",\"COLMIL\",\"LIBMIL\",\"SPKHOMO\",\n",
    "\"COLHOMO\",\"LIBHOMO\",\"SPKMSLM\",\"COLMSLM\",\"LIBMSLM\",\"CAPPUN\",\"GUNLAW\",\"COURTS\",\"GRASS\",\"ATTEND\",\"RELITEN\",\"POSTLIFE\",\"PRAYER\",\"AFFRMACT\",\"WRKWAYUP\",\"HELPFUL\",\n",
    "\"FAIR\",\"TRUST\",\"CONFINAN\",\"CONBUS\",\"CONCLERG\",\"CONEDUC\",\"CONFED\",\"CONLABOR\",\"CONPRESS\",\"CONMEDIC\",\"CONTV\",\"CONJUDGE\",\"CONSCI\",\"CONLEGIS\",\"CONARMY\",\"OBEY\",\"POPULAR\",\"THNKSELF\",\n",
    "\"WORKHARD\",\"HELPOTH\",\"GETAHEAD\",\"FEPOL\",\"ABDEFECT\",\"ABNOMORE\",\"ABHLTH\",\"ABPOOR\",\"ABRAPE\",\"ABSINGLE\",\"ABANY\",\"SEXEDUC\",\"DIVLAW\",\"PREMARSX\",\"TEENSEX\",\"XMARSEX\",\"HOMOSEX\",\"PORNLAW\",\n",
    "\"SPANKING\",\"LETDIE1\",\"SUICIDE1\",\"SUICIDE2\",\"POLHITOK\",\"POLABUSE\",\"POLMURDR\",\"POLESCAP\",\"POLATTAK\",\"NEWS\",\"TVHOURS\",\"FECHLD\",\"FEPRESCH\",\"FEFAM\",\"RACDIF1\",\"RACDIF2\",\"RACDIF3\",\n",
    "\"RACDIF4\",\"HELPPOOR\",\"MARHOMO\"]\n",
    "PRES_variables = [\"VOTE68\",\"PRES68\",\"IF68WHO\",\"VOTE72\",\"PRES72\",\"IF72WHO\",\"VOTE76\",\"PRES76\",\"IF76WHO\",\"VOTE80\",\"PRES80\",\"IF80WHO\",\"VOTE84\",\"PRES84\",\n",
    "\"IF84WHO\",\"VOTE88\",\"PRES88\",\"IF88WHO\",\"VOTE92\",\"PRES92\",\"IF92WHO\",\"VOTE96\",\"PRES96\",\"IF96WHO\",\"VOTE00\",\"PRES00\",\"IF00WHO\",\"VOTE04\",\"PRES04\",\"IF04WHO\",\"VOTE08\",\"PRES08\",\n",
    "\"IF08WHO\",\"VOTE12\",\"PRES12\",\"IF12WHO\",\"VOTE16\",\"PRES16\",\"IF16WHO\"]\n",
    "BROKEN_VARS = [\"RELIG\",'RACOPEN', 'HELPNOT', 'HELPBLK']\n",
    "# Ommited from this list: \"YEAR\", \"BALLOT\"\n",
    "\n",
    "Nice_list = [\"PARTYID\",\"POLVIEWS\",\"EQWLTH\",\"SPKATH\",\"COLATH\",\"LIBATH\",\"SPKRAC\",\"COLRAC\",\"LIBRAC\",\"SPKCOM\",\"COLCOM\",\"LIBCOM\",\"SPKMIL\",\"COLMIL\",\"LIBMIL\",\"SPKHOMO\",\n",
    "\"COLHOMO\",\"LIBHOMO\",\"SPKMSLM\",\"COLMSLM\",\"LIBMSLM\",\"CAPPUN\",\"GUNLAW\",\"COURTS\",\"GRASS\",\"ATTEND\",\"RELITEN\",\"POSTLIFE\",\"PRAYER\",\"AFFRMACT\",\"WRKWAYUP\",\"HELPFUL\",\n",
    "\"FAIR\",\"TRUST\",\"CONFINAN\",\"CONBUS\",\"CONCLERG\",\"CONEDUC\",\"CONFED\",\"CONLABOR\",\"CONPRESS\",\"CONMEDIC\",\"CONTV\",\"CONJUDGE\",\"CONSCI\",\"CONLEGIS\",\"CONARMY\",\"GETAHEAD\",\"FEPOL\",\"ABDEFECT\",\"ABNOMORE\",\"ABHLTH\",\"ABPOOR\",\"ABRAPE\",\"ABSINGLE\",\"ABANY\",\"SEXEDUC\",\"DIVLAW\",\"PREMARSX\",\"TEENSEX\",\"XMARSEX\",\"HOMOSEX\",\"PORNLAW\",\n",
    "\"SPANKING\",\"LETDIE1\",\"SUICIDE1\",\"SUICIDE2\",\"POLHITOK\",\"POLABUSE\",\"POLMURDR\",\"POLESCAP\",\"POLATTAK\",\"NEWS\",\"TVHOURS\",\"FECHLD\",\"FEPRESCH\",\"FEFAM\",\"RACDIF1\",\"RACDIF2\",\"RACDIF3\",\n",
    "\"RACDIF4\",\"HELPPOOR\",\"MARHOMO\"]\n"
   ]
  },
  {
   "cell_type": "code",
   "execution_count": 39,
   "metadata": {},
   "outputs": [
    {
     "name": "stdout",
     "output_type": "stream",
     "text": [
      "GUNLAW\n",
      "[[ 1.00000000e+00  4.87224122e-01 -1.91695806e-01 -1.66132286e-02\n",
      "  -1.21541059e-02  3.96672084e-02  5.24397685e-02  1.50954383e-02\n",
      "  -3.67118872e-02  2.96363315e-02  2.33821481e-02  1.30036538e-02\n",
      "   4.86792388e-02  3.42272218e-03  2.13731509e-03 -2.94670086e-02\n",
      "   6.69542947e-04 -4.89653476e-02 -1.80339134e-02 -1.48748017e-03\n",
      "  -1.41762438e-02  1.74008445e-01 -1.29481039e-01]\n",
      " [ 4.87224122e-01  1.00000000e+00 -2.76563695e-01 -1.75755215e-02\n",
      "  -1.09733318e-01  2.36027164e-02  5.03798704e-02  4.68779996e-02\n",
      "   4.60971150e-03 -5.29079209e-02  2.10809267e-02  1.48237208e-02\n",
      "  -4.26370669e-02  7.01141124e-02  2.42617517e-02 -3.87069732e-02\n",
      "   9.88968939e-03  2.93983076e-02 -1.91833662e-02 -2.23628019e-02\n",
      "  -1.48414450e-02  5.51419402e-02 -6.97775881e-02]\n",
      " [-1.91695806e-01 -2.76563695e-01  1.00000000e+00 -7.96241881e-02\n",
      "   1.97958299e-02 -2.66124805e-03  7.12549447e-02 -8.90338161e-02\n",
      "   1.33501229e-02 -1.43324594e-02 -5.43842542e-02  7.45986545e-02\n",
      "  -1.89799111e-02  5.93723925e-02  9.84006203e-02 -2.93797497e-02\n",
      "   1.09379094e-03 -5.13579857e-02 -2.31867101e-02  1.67370140e-02\n",
      "  -2.65584422e-02 -1.08437726e-01  1.02914451e-01]\n",
      " [-1.66132286e-02 -1.75755215e-02 -7.96241881e-02  1.00000000e+00\n",
      "   2.78725085e-01 -1.89294023e-01  1.52847274e-01 -6.30724800e-02\n",
      "   6.48076141e-02  1.50224049e-01  1.30453473e-01 -6.01412012e-02\n",
      "   1.57479509e-01 -5.42551521e-02  5.63051790e-02  1.16688942e-01\n",
      "  -6.20996233e-02 -1.00947382e-01  4.94206131e-02 -1.45101627e-02\n",
      "   2.09092459e-03 -3.80163719e-02  2.79259672e-02]\n",
      " [-1.21541059e-02 -1.09733318e-01  1.97958299e-02  2.78725085e-01\n",
      "   1.00000000e+00 -8.08115640e-02 -3.22691562e-02  1.73357852e-01\n",
      "   8.16682382e-03  5.08045134e-02 -1.81712073e-01  4.14052967e-02\n",
      "  -1.32675457e-01  2.46540955e-01  2.47842241e-02 -2.47955858e-03\n",
      "   2.82226096e-02 -3.95429313e-02 -7.52147735e-02  6.99640585e-02\n",
      "  -2.35553866e-02 -4.57253727e-02 -3.00232507e-02]\n",
      " [ 3.96672084e-02  2.36027164e-02 -2.66124805e-03 -1.89294023e-01\n",
      "  -8.08115640e-02  1.00000000e+00  6.70539865e-02 -1.59809063e-02\n",
      "   1.24843637e-01 -1.93760363e-02  2.25487157e-02  2.14402698e-01\n",
      "  -1.81759400e-02  4.29232943e-02  1.15615498e-01 -1.73546367e-02\n",
      "  -4.35744302e-02  9.07379741e-02 -2.46449386e-02  3.19167943e-02\n",
      "   1.04302605e-02 -2.90281327e-02 -8.10020259e-03]\n",
      " [ 5.24397685e-02  5.03798704e-02  7.12549447e-02  1.52847274e-01\n",
      "  -3.22691562e-02  6.70539865e-02  1.00000000e+00  4.62925254e-01\n",
      "  -2.30877666e-01  1.33771941e-01  5.12984577e-02  2.12141270e-02\n",
      "   1.87297127e-01 -1.44029476e-01 -1.54246091e-02  5.34612165e-02\n",
      "  -5.12477336e-02  4.68997639e-02  2.58251418e-01 -9.19953165e-02\n",
      "   4.23354077e-02 -2.07160735e-02 -4.17846306e-02]\n",
      " [ 1.50954383e-02  4.68779996e-02 -8.90338161e-02 -6.30724800e-02\n",
      "   1.73357852e-01 -1.59809063e-02  4.62925254e-01  1.00000000e+00\n",
      "  -1.63964482e-01  9.58426846e-03 -3.20108794e-02  5.23482258e-02\n",
      "  -1.50099842e-01  2.94410097e-01  6.98234862e-02 -3.72199921e-02\n",
      "   4.15799709e-02  3.80870611e-03 -1.20837523e-01  2.16172735e-01\n",
      "   5.03121909e-02  3.74698153e-02 -4.41358120e-03]\n",
      " [-3.67118872e-02  4.60971150e-03  1.33501229e-02  6.48076141e-02\n",
      "   8.16682382e-03  1.24843637e-01 -2.30877666e-01 -1.63964482e-01\n",
      "   1.00000000e+00  7.41333914e-02 -4.07166339e-02  1.18872059e-01\n",
      "  -2.15442240e-02  7.86841757e-02  1.78092337e-01  3.48341458e-02\n",
      "   3.25958170e-02  1.42658416e-02  7.16875798e-02 -1.92327772e-02\n",
      "   2.35165568e-01 -2.74575433e-02  3.45272016e-02]\n",
      " [ 2.96363315e-02 -5.29079209e-02 -1.43324594e-02  1.50224049e-01\n",
      "   5.08045134e-02 -1.93760363e-02  1.33771941e-01  9.58426846e-03\n",
      "   7.41333914e-02  1.00000000e+00 -2.72770429e-01 -2.43298334e-01\n",
      "   2.44405436e-01 -6.20296460e-02  9.95762342e-02  1.07923093e-01\n",
      "   2.27578683e-02 -8.24515889e-02  1.89119248e-01 -8.89672846e-02\n",
      "   3.93292736e-02 -2.15518328e-02  1.22195114e-03]\n",
      " [ 2.33821481e-02  2.10809267e-02 -5.43842542e-02  1.30453473e-01\n",
      "  -1.81712073e-01  2.25487157e-02  5.12984577e-02 -3.20108794e-02\n",
      "  -4.07166339e-02 -2.72770429e-01  1.00000000e+00  2.85084290e-01\n",
      "   3.73771663e-02 -1.20034687e-01 -2.55458534e-02  5.27564392e-02\n",
      "  -6.61767143e-02 -1.17774295e-02  2.48136755e-02 -1.05025083e-01\n",
      "   3.52195825e-02  2.99261834e-02 -1.44059309e-02]\n",
      " [ 1.30036538e-02  1.48237208e-02  7.45986545e-02 -6.01412012e-02\n",
      "   4.14052967e-02  2.14402698e-01  2.12141270e-02  5.23482258e-02\n",
      "   1.18872059e-01 -2.43298334e-01  2.85084290e-01  1.00000000e+00\n",
      "   8.51100862e-02  4.82392813e-03  2.81828000e-01  4.23176334e-02\n",
      "   1.44284724e-02  7.01671716e-02  4.90898008e-02 -4.34352527e-03\n",
      "   1.26387625e-01  2.09482062e-03 -1.19101324e-02]\n",
      " [ 4.86792388e-02 -4.26370669e-02 -1.89799111e-02  1.57479509e-01\n",
      "  -1.32675457e-01 -1.81759400e-02  1.87297127e-01 -1.50099842e-01\n",
      "  -2.15442240e-02  2.44405436e-01  3.73771663e-02  8.51100862e-02\n",
      "   1.00000000e+00  4.64077669e-01 -2.28827462e-01  6.97235081e-02\n",
      "  -3.11987386e-02  4.30301947e-02  1.50055364e-01 -8.25313033e-02\n",
      "   2.66149507e-02  1.26519849e-02 -2.91299551e-02]\n",
      " [ 3.42272218e-03  7.01141124e-02  5.93723925e-02 -5.42551521e-02\n",
      "   2.46540955e-01  4.29232943e-02 -1.44029476e-01  2.94410097e-01\n",
      "   7.86841757e-02 -6.20296460e-02 -1.20034687e-01  4.82392813e-03\n",
      "   4.64077669e-01  1.00000000e+00 -1.94873071e-01 -4.54360601e-02\n",
      "   6.33360900e-02  5.15992901e-02 -1.54222698e-02  2.08967121e-01\n",
      "   6.61251024e-02  1.87633033e-02  1.54645245e-02]\n",
      " [ 2.13731509e-03  2.42617517e-02  9.84006203e-02  5.63051790e-02\n",
      "   2.47842241e-02  1.15615498e-01 -1.54246091e-02  6.98234862e-02\n",
      "   1.78092337e-01  9.95762342e-02 -2.55458534e-02  2.81828000e-01\n",
      "  -2.28827462e-01 -1.94873071e-01  1.00000000e+00 -1.68212202e-02\n",
      "   3.03093235e-02  1.22320719e-01  5.91917802e-02  4.41183888e-02\n",
      "   2.14838096e-01 -1.30397309e-02 -1.55638017e-02]\n",
      " [-2.94670086e-02 -3.87069732e-02 -2.93797497e-02  1.16688942e-01\n",
      "  -2.47955858e-03 -1.73546367e-02  5.34612165e-02 -3.72199921e-02\n",
      "   3.48341458e-02  1.07923093e-01  5.27564392e-02  4.23176334e-02\n",
      "   6.97235081e-02 -4.54360601e-02 -1.68212202e-02  1.00000000e+00\n",
      "   5.98030194e-01 -1.18740444e-01  2.27521536e-02  1.42369459e-02\n",
      "   1.59378156e-02  4.76430151e-03 -7.04663059e-02]\n",
      " [ 6.69542947e-04  9.88968939e-03  1.09379094e-03 -6.20996233e-02\n",
      "   2.82226096e-02 -4.35744302e-02 -5.12477336e-02  4.15799709e-02\n",
      "   3.25958170e-02  2.27578683e-02 -6.61767143e-02  1.44284724e-02\n",
      "  -3.11987386e-02  6.33360900e-02  3.03093235e-02  5.98030194e-01\n",
      "   1.00000000e+00 -1.52071970e-01 -2.15357676e-02  1.32167209e-02\n",
      "  -8.48312976e-03 -2.67977666e-03  9.55806066e-02]\n",
      " [-4.89653476e-02  2.93983076e-02 -5.13579857e-02 -1.00947382e-01\n",
      "  -3.95429313e-02  9.07379741e-02  4.68997639e-02  3.80870611e-03\n",
      "   1.42658416e-02 -8.24515889e-02 -1.17774295e-02  7.01671716e-02\n",
      "   4.30301947e-02  5.15992901e-02  1.22320719e-01 -1.18740444e-01\n",
      "  -1.52071970e-01  1.00000000e+00  2.09687905e-02  2.74539486e-02\n",
      "   9.07823210e-02  4.39468615e-03  3.93137791e-03]\n",
      " [-1.80339134e-02 -1.91833662e-02 -2.31867101e-02  4.94206131e-02\n",
      "  -7.52147735e-02 -2.46449386e-02  2.58251418e-01 -1.20837523e-01\n",
      "   7.16875798e-02  1.89119248e-01  2.48136755e-02  4.90898008e-02\n",
      "   1.50055364e-01 -1.54222698e-02  5.91917802e-02  2.27521536e-02\n",
      "  -2.15357676e-02  2.09687905e-02  1.00000000e+00  4.60470725e-01\n",
      "  -2.72695237e-01 -3.43870445e-02 -3.13695211e-02]\n",
      " [-1.48748017e-03 -2.23628019e-02  1.67370140e-02 -1.45101627e-02\n",
      "   6.99640585e-02  3.19167943e-02 -9.19953165e-02  2.16172735e-01\n",
      "  -1.92327772e-02 -8.89672846e-02 -1.05025083e-01 -4.34352527e-03\n",
      "  -8.25313033e-02  2.08967121e-01  4.41183888e-02  1.42369459e-02\n",
      "   1.32167209e-02  2.74539486e-02  4.60470725e-01  1.00000000e+00\n",
      "  -1.82788267e-01  6.32181567e-03  2.44442641e-02]\n",
      " [-1.41762438e-02 -1.48414450e-02 -2.65584422e-02  2.09092459e-03\n",
      "  -2.35553866e-02  1.04302605e-02  4.23354077e-02  5.03121909e-02\n",
      "   2.35165568e-01  3.93292736e-02  3.52195825e-02  1.26387625e-01\n",
      "   2.66149507e-02  6.61251024e-02  2.14838096e-01  1.59378156e-02\n",
      "  -8.48312976e-03  9.07823210e-02 -2.72695237e-01 -1.82788267e-01\n",
      "   1.00000000e+00  6.63958826e-02  1.71222090e-02]\n",
      " [ 1.74008445e-01  5.51419402e-02 -1.08437726e-01 -3.80163719e-02\n",
      "  -4.57253727e-02 -2.90281327e-02 -2.07160735e-02  3.74698153e-02\n",
      "  -2.74575433e-02 -2.15518328e-02  2.99261834e-02  2.09482062e-03\n",
      "   1.26519849e-02  1.87633033e-02 -1.30397309e-02  4.76430151e-03\n",
      "  -2.67977666e-03  4.39468615e-03 -3.43870445e-02  6.32181567e-03\n",
      "   6.63958826e-02  1.00000000e+00 -4.02583501e-02]\n",
      " [-1.29481039e-01 -6.97775881e-02  1.02914451e-01  2.79259672e-02\n",
      "  -3.00232507e-02 -8.10020259e-03 -4.17846306e-02 -4.41358120e-03\n",
      "   3.45272016e-02  1.22195114e-03 -1.44059309e-02 -1.19101324e-02\n",
      "  -2.91299551e-02  1.54645245e-02 -1.55638017e-02 -7.04663059e-02\n",
      "   9.55806066e-02  3.93137791e-03 -3.13695211e-02  2.44442641e-02\n",
      "   1.71222090e-02 -4.02583501e-02  1.00000000e+00]]\n"
     ]
    }
   ],
   "source": [
    "from make_belief_network import make_belief_network\n",
    "import networkx as nx\n",
    "\n",
    "# variables_of_interest = [\"POLVIEWS (mapped)\", \"PARTYID (mapped)\", \"EQWLTH (mapped)\"]\n",
    "variables_of_interest = Nice_list[:23]\n",
    "print(variables_of_interest[-1])\n",
    "all_years = list(range(2020, 2022))\n",
    "years_of_interest = all_years\n",
    "\n",
    "BN, corr_mat = make_belief_network(df, variables_of_interest, years_of_interest, method=\"spearman\", is_partial=True, threshold=0.07)\n",
    "print(corr_mat)\n",
    "\n",
    "# Save the graph as graphml into the folder \"outputs\"\n",
    "# make the name include the years of interest\n",
    "years_name = \"_\".join([str(year) for year in years_of_interest])\n",
    "# filename = f\"{years_name}.graphml\"\n",
    "filename = \"ALL_YEARS.graphml\"\n",
    "nx.write_graphml(BN, f\"outputs/{filename}\")"
   ]
  },
  {
   "cell_type": "code",
   "execution_count": 2,
   "metadata": {},
   "outputs": [
    {
     "ename": "NameError",
     "evalue": "name 'np' is not defined",
     "output_type": "error",
     "traceback": [
      "\u001b[1;31m---------------------------------------------------------------------------\u001b[0m",
      "\u001b[1;31mNameError\u001b[0m                                 Traceback (most recent call last)",
      "Cell \u001b[1;32mIn[2], line 1\u001b[0m\n\u001b[1;32m----> 1\u001b[0m np\u001b[38;5;241m.\u001b[39mzeros((\u001b[38;5;241m3\u001b[39m, \u001b[38;5;241m3\u001b[39m))\n",
      "\u001b[1;31mNameError\u001b[0m: name 'np' is not defined"
     ]
    }
   ],
   "source": []
  },
  {
   "cell_type": "code",
   "execution_count": null,
   "metadata": {},
   "outputs": [],
   "source": []
  }
 ],
 "metadata": {
  "kernelspec": {
   "display_name": "beliefs",
   "language": "python",
   "name": "beliefs"
  }
 },
 "nbformat": 4,
 "nbformat_minor": 2
}
